srcSize,compressedSize,compressionRatio,ctimeMs,dtimeMs,iters,path
121150518,84427590,1.43496,2244.59,970.335,10
